255255255255255255255255255255255255255255255255255255255255255255255255255255255255255255255255255255255255255255255255255255255255255255255255255255255255255255255255255255255255255255255254255255255255255255255254255255255255255255255255255255255255255255255255255255255255255255255255255255255255
255255255255255255255255255255255255255255255255255255255255255255255255255255255255255255255255255255255255255255255255255255255255255255255255255255255255255255255255255255255255254254255255255255255255255255255255255255255255255255255255255255255255255255255255255255255255255255255255255255255255
255255255255255255255255255255255255255255255255255255255255255255255255255255255255255255255255255255255255255255255255255255255255255255255255255255255255255255255255255255255255255255255255255255255255255255255255255255255255255255255255255255255255255255255255255255255255255255255255255255255255
255255255255255255255255255255255255255255255255255255255255255255255255255255255255255255255255255255255255255255255255255255255255255255255255255255255255255255255255255255255254255255255255254255255255255255255255255255255255255255255255255255255255255255255255255255255255255255255255255255255255
255255255255255255255255255255255255255255255255255255255255255255255255255255255255255255255255255255255255255255255255255255255255255255255255255255255255255255255255255254254255254255254255255255255254255254255255255255255255255255255255255255255255255255255255255255255255255255255255255255255255
255255255255255255255255255255255255255255255255255255255255255255255255255255255255255255255255255255255255255255255255255255255255255255255255255255255255255255255255255255255255255255255255254255255255254255255254255255255255255255255255255255255255255255255255255255255255255255255255255255255255
25525525525525525525525525525525525525525525525525525525525525525525525525525525525525525525525525525525525525525525525525525525525525525525525525525525525525525525525525525525525525525117410959 140254255255254255255255255255255255255255255255255255255255255255255255255255255255255255255255255255255
25525525525525525525525525525525525525525525525525525525525525525525525525525525525525525525525525525525525525525525525525525525525525525525525525525525525525525525525525525525520410927 0  0  0  101255255255255255255255255255255255255255255255255255255255255255255255255255255255255255255255255255255
2552552552552552552552552552552552552552552552552552552552552552552552552552552552552552552552552552552552552552552552552552552552552552552552552552552552552552552542552552151100  0  0  0  0  0  121254255255254255254255255255255255255255255255255255255255255255255255255255255255255255255255255255255
2552552552552552552552552552552552552552552552552552552552552552552552552552552552552552552552552552552552552552552552552552552552552552552552552552552552552552552552551060  0  0  0  0  0  0  0  125255255255255255255255255255255255255255255255255255255255255255255255255255255255255255255255255255255
25525525525525525525525525525525525525525525525525525525525525525525525525525525525525525525525525525525525525525525525525525525525525525525525525525425525425525525467 0  0  1  0  0  0  0  0  0  149255255254255255255255255255255255255255255255255255255255255255255255255255255255255255255255255255255
25525525525525525525525525525525525525525525525525525525525525525525525525525525525525525525525525525525525525525525525525525525525525525525525525525525425525525566 0  0  1  0  1  0  0  0  1  0  205255255255255255255255255255255255255255255255255255255255255255255255255255255255255255255255255255255
25525525525525525525525525525525525525525525525525525525525525525525525525525525525525525525525525525525525525525525525525525525525525525525525525525525525524541 0  1  0  0  0  0  0  1  0  0  21 255255253255255255255255255255255255255255255255255255255255255255255255255255255255255255255255255255255
25525525525525525525525525525525525525525525525525525525525525525525525525525525525525525525525525525525525525525525525525525525525525525525525525525525525561 0  0  0  0  0  0  0  0  0  1  0  112255255255254255255255255255255255255255255255255255255255255255255255255255255255255255255255255255255255
2552552552552552552552552552552552552552552552552552552552552552552552552552552552552552552552552552552552552552552552552552552552552552552552552552552551910  0  0  0  0  1  0  0  1  0  0  0  209255255254255254255254255255255255255255255255255255255255255255255255255255255255255255255255255255255255
25525525525525525525525525525525525525525525525525525525525525525525525525525525525525525525525525525525525525525525525525525525525525525525525525525524324 1  0  0  0  0  0  1  0  0  0  0  71 255255255255255255254255255255255255255255255255255255255255255255255255255255255255255255255255255255255255
2552552552552552552552552552552552552552552552552552552552552552552552552552552552552552552552552552552552552552552552552552552552552552552552552552551120  0  0  1  0  0  0  0  0  0  1  0  232255255255255255255255255255255255255255255255255255255255255255255255255255255255255255255255255255255255255
2552552552552552552552552552552552552552552552552552552552552552552552552552552552552552552552552552552552552552552552552552552552552552552552552552423  0  0  1  0  0  0  0  1  0  0  0  93 255255255255255255255255255255255255255255255255255255255255255255255255255255255255255255255255255255255255255
2552552552552552552552552552552552552552552552552552552552552552552552552552552552552552552552552552552552552552552552552552552552552552552552552551250  1  0  0  0  0  0  0  0  1  0  8  233255255255255255255255255255255255255255255255255255255255255255255255255255255255255255255255255255255255255255
25525525525525525525525525525525525525525525525525525525525525525525525525525525525525525525525525525525525525525525525525525525525525525525525525420 0  0  0  0  0  0  0  0  0  0  0  194255255255255255255255255255255255255255255255255255255255255255255255255255255255255255255255255255255255255255255
2552552552552552552552552552552552552552552552552552552552552552552552552552552552552552552552552552552552552552552552552552552552552552552552552010  0  0  0  0  0  0  0  0  0  1  165255255255255255255255255255255255255255255255255255255255255255255255255255255255255255255255255255255255255255255255
2552552552552552552552552552552552552552552552552552552552552552552552552552552552552552552552552552552552552552552552552552552552552552552552551480  0  0  1  0  1  0  0  0  0  156255254255255255255255255255255255255255255255255255255255255255255255255255255255255255255255255255255255255255255255255
2552552552552552552552552552552552552552552552552552552552552552552552552552552552552552552552552552552552552552552552552552552552552552552552551110  0  0  0  1  0  0  0  22 180255255255255255255255255255255255255255255255255255255255255255255255255255255255255255255255255255255255255255255255255255
2552552552552552552552552552552552552552552552552552552552552552552552552552552552552552552552552552552552552552552552552552552552552552552552551051  0  0  0  0  0  1  96 240254255255254255255255255255255255255255255255255255255255255255255255255255255255255255255255255255255255255255255255255255255
25525525525525525525525525525525525525525525525525525525425525525425525525525525525525525525525525525525425525525525525525525525525525525525525583 0  0  0  0  0  63 188254255255255255255255255255255255255255255254255255254255255255255255255255255255255255255255255255255255255255255255255255255255255
25525525525525525525525525525525525525525525525525525525525425525525425525525525525525525525525525525525525525525525525525525525525525525525525515969 93 128161210255255255255255255255254255255255255255255255254255255255254255255255255255255255255255255255255255255255255255255255255255255255255255255
255255255255255255255255255255255255255255255255255255254255255255255255255255255255254255254255254249236237240254255255255255255255255255255255254255255255255255254255255255255255252216182172165179196230255255255255254255254255254255254255255255255255255255255255255255255255255255255255255255255255
25525525525525525525525525525525525525525525525525525425525525525525525525525425525525523616998 62 21 11 10 11 47 90 15322125525525525425525525525525525525425525425525525524116783 27 1  0  1  0  0  0  6  42 103172247255255255254255255255254255255255255255255255255255255255255255255255255255255255255
25525525525525525525525525525525525525525525525525525525525525525425525525525525116590 9  0  0  0  1  0  0  1  0  0  0  0  72 14820525525525525525525525525525525522915792 17 1  0  0  0  0  0  0  0  0  0  0  0  1  23 119191255254255254255255255255255255255255255255255255255255255255255255255255255255
25525525525525525525525525525525525525525525525525525525525525525525525525515330 0  1  0  0  0  0  0  0  0  0  0  1  0  1  0  1  0  56 16424725525525525425517787 5  1  1  0  0  0  0  0  1  0  0  1  0  0  0  1  0  0  0  0  69 206255255255255255255255255255255255255255255255255255255255255255255255255
25525525525525525525525525525525525525525525525525525525525525525525525386 0  0  0  0  1  0  0  0  0  0  0  0  0  0  1  0  0  1  1  0  0  26 93 14414811245 0  1  0  0  0  0  0  0  0  0  0  1  0  0  0  1  0  0  1  0  0  1  0  0  173255255255255255255255255255255255255255255255255255255255255255255255
25525525525525525525525525525525525525525525525525525525525525525520242 0  0  0  0  1  0  0  0  0  0  0  0  0  0  0  0  0  0  0  0  1  0  0  1  0  0  0  0  0  0  0  0  1  0  0  0  0  0  0  0  0  0  0  0  0  1  0  0  0  0  1  0  0  130255255255255255255255255255255255255255255255255255255255255255255
2552552552552552552552552552552552552552552552552552552552552551510  0  0  0  0  0  0  0  0  0  0  0  0  0  0  0  0  0  0  0  0  0  0  0  0  0  0  0  0  0  0  0  0  0  0  0  0  0  0  0  0  0  0  0  0  0  0  0  0  0  0  0  0  0  0  0  69 255255255255255255254255255255255255255255255255255255255255255
2552552552552552552552552552552552552552552552552552552552552051  0  0  0  0  0  0  0  0  0  0  0  0  0  0  0  0  0  0  0  0  0  0  0  0  0  0  0  0  0  0  0  0  0  0  0  0  0  0  0  0  0  0  0  0  0  0  0  0  0  0  0  0  0  0  0  1  0  113255254255255255255255255255255255255255255255255255255255255
25525525525525525525525525525525525525525525525525525525424116 0  0  1  0  0  0  0  0  0  0  0  0  0  0  0  0  0  0  0  0  0  0  0  0  0  0  0  0  0  0  0  0  0  0  0  0  0  0  0  0  0  0  0  0  0  0  0  0  0  0  0  0  1  0  0  0  0  0  0  158255255255255254255255255255255255255255255255255255255255
25525525525525525525525525525525525525525525525525525525140 0  1  0  0  0  0  0  0  0  0  0  0  0  0  0  0  0  0  0  0  0  0  0  0  0  0  0  0  0  0  0  0  0  0  0  0  0  0  0  0  0  0  0  0  0  0  0  0  0  0  0  0  0  0  1  0  0  1  0  14 169254255255255254255254255255255255255255255255255255255255
25525525525525525525525525525525525525525525525525525587 0  0  0  0  0  0  0  0  0  0  0  0  0  0  0  0  0  0  0  0  0  0  0  0  0  0  0  0  0  0  0  0  0  0  0  0  0  0  0  0  0  0  0  0  0  0  0  0  0  0  0  0  0  0  0  0  0  0  0  38 227255255255255254255255255255255255255255255255255255255255255
2552552552552552552552552552552552552552552552552552010  0  0  0  0  0  0  0  0  0  0  0  0  0  0  0  0  0  0  0  0  0  0  0  0  0  0  0  0  0  0  0  0  0  0  0  0  0  0  0  0  0  0  0  0  0  0  0  0  0  0  0  0  0  0  1  1  0  1  50 245255255254255255255255255255255255255255255255255255255255255255
25525525525525525525525525525525525525525525525525571 0  0  1  0  0  0  0  0  0  0  0  0  0  0  0  0  0  0  0  0  0  0  0  0  0  0  0  0  0  0  0  0  0  0  0  0  0  0  0  0  0  0  0  0  0  0  0  0  0  0  0  0  0  0  0  0  0  1  75 253254255255254255255255255255255255255255255255255255255255255255255
2552552552552552552552552552552552552552552552552110  0  0  0  1  0  0  0  0  0  0  0  0  0  0  0  0  0  0  0  0  0  0  0  0  0  0  0  0  0  0  0  0  0  0  0  0  0  0  0  0  0  0  0  0  0  0  0  0  0  0  0  0  0  0  0  0  0  18 255255255255254255255255255255255255255255255255255255255255255255255255
25525525525525525525525525525525425525525525525588 1  0  0  1  0  0  1  0  0  0  0  0  0  0  0  0  0  0  0  0  0  0  0  0  0  0  0  0  0  0  0  0  0  0  0  0  0  0  0  0  0  0  0  0  0  0  0  0  0  0  0  0  0  0  0  0  0  1  207255255255255255255255255255255255255255255255255255255255255255255255255
2552552552552552552552552542552552542552552552393  0  0  1  0  1  0  0  0  0  0  0  0  0  0  0  0  0  0  0  0  0  0  0  0  0  0  0  0  0  0  0  0  0  0  0  0  0  0  0  0  0  0  0  0  0  0  0  0  0  0  0  0  0  0  0  1  0  128255255255255255255255255255255255255255255255255255255255255255255255255255
2552552552552552552552552552542552552552552551420  0  0  0  0  0  0  0  0  0  0  0  0  0  0  0  0  0  0  0  0  0  0  0  0  0  0  0  0  0  0  0  0  0  0  0  0  0  0  0  0  0  0  0  0  0  0  0  0  0  0  0  0  0  0  0  0  54 255255255255255255255255255255255255255255255255255255255255255255255255255255
25525525525525525525525525525525525525525525569 0  0  0  0  0  0  0  0  0  0  0  0  0  0  0  0  0  0  0  0  0  0  0  0  0  0  0  0  0  0  0  0  0  0  0  0  0  0  0  0  0  0  0  0  0  0  0  0  0  0  0  0  0  0  0  0  0  189254255254255254254255255255255255255255255255255255255255255255255255255255255
25525525525525525525525525525425525525525525519 0  0  0  1  0  0  0  0  0  0  0  0  0  0  0  0  0  0  0  0  0  0  0  0  0  0  0  0  0  0  0  0  0  0  0  0  0  0  0  0  0  0  0  0  0  0  0  0  0  0  0  0  0  0  0  0  41 255255255255255255254255255255255255255255255255255255255255255255255255255255255
2552552552552552552552552552552552552552551980  0  0  1  0  0  0  0  0  0  0  0  0  0  0  0  0  0  0  0  0  0  0  0  0  0  0  0  0  0  0  0  0  0  0  0  0  0  0  0  0  0  0  0  0  0  0  0  0  0  0  0  0  0  0  0  0  117254255255254255254255255255255255255255255255255255255255255255255255255255255255
2552552552552552552552552552542552552552551420  0  0  0  0  0  0  1  0  0  0  0  0  0  0  0  0  0  0  0  0  0  0  0  0  0  0  0  0  0  0  0  0  0  0  0  0  0  0  0  0  0  0  0  0  0  0  0  0  0  0  0  0  0  0  0  0  159255255255255255255255255255255255255255255255255255255255255255255255255255255255
2552552552552552552552552552552542552552551140  0  0  1  0  0  0  0  0  0  0  0  0  0  0  0  0  0  0  0  0  0  0  0  0  0  0  0  0  0  0  0  0  0  0  0  0  0  0  0  0  0  0  0  0  0  0  0  0  0  0  0  0  0  0  0  0  212255254254255255255255255255255255255255255255255255255255255255255255255255255255
25525525525525525525525525525425525525525486 0  0  0  0  0  0  0  0  0  0  0  0  0  0  0  0  0  0  0  0  0  0  0  0  0  0  0  0  0  0  0  0  0  0  0  0  0  0  0  0  0  0  0  0  0  0  0  0  0  0  1  0  0  0  1  0  15 248255254255255255255255255255255255255255255255255255255255255255255255255255255255
25525525525525525525525525525525525525525557 0  0  0  0  0  0  0  0  0  0  0  0  0  0  0  0  0  0  0  0  0  0  0  0  0  0  0  0  0  0  0  0  0  0  0  0  0  0  0  0  0  0  0  0  0  0  0  0  0  1  0  0  0  0  0  0  51 255254255255255255255255255255255255255255255255255255255255255255255255255255255255
25525525525525525525525525525525525525525544 0  0  0  0  0  0  0  0  0  0  0  0  0  0  0  0  0  0  0  0  0  0  0  0  0  0  0  0  0  0  0  0  0  0  0  0  0  0  0  0  0  0  0  0  0  0  0  0  0  0  0  0  0  0  1  0  59 255255255255255255255255255255255255255255255255255255255255255255255255255255255255
25525525525525525525525525525525525525525540 0  0  0  0  0  0  0  0  0  0  0  0  0  0  0  0  0  0  0  0  0  0  0  0  0  0  0  0  0  0  0  0  0  0  0  0  0  0  0  0  0  0  0  0  0  0  0  0  0  0  0  0  0  0  0  0  57 255255254255255255255255255255255255255255255255255255255255255255255255255255255255
25525525525525525525525525525525525525525534 0  0  0  0  0  0  0  0  0  0  0  0  0  0  0  0  0  0  0  0  0  0  0  0  0  0  0  0  0  0  0  0  0  0  0  0  0  0  0  0  0  0  0  0  0  0  0  0  0  0  0  0  0  1  0  0  51 255255255255255255255255255255255255255255255255255255255255255255255255255255255255
25525525525525525525525525525525525425525538 0  0  0  0  0  0  0  0  0  0  0  0  0  0  0  0  0  0  0  0  0  0  0  0  0  0  0  0  0  0  0  0  0  0  0  0  0  0  0  0  0  0  0  0  0  0  0  0  0  0  0  0  0  0  0  0  21 252255255255255255255255255255255255255255255255255255255255255255255255255255255255
25525525525525525525525525525425525525525453 0  0  0  0  0  0  0  0  0  0  0  0  0  0  0  0  0  0  0  0  0  0  0  0  0  0  0  0  0  0  0  0  0  0  0  0  0  0  0  0  0  0  0  0  0  0  0  0  0  0  0  0  1  0  0  1  0  228255255255254254255254255255255255255255255255255255255255255255255255255255255255
25525525525525525525525525525525525525525565 0  0  0  0  0  0  0  0  0  0  0  0  0  0  0  0  0  0  0  0  0  0  0  0  0  0  0  0  0  0  0  0  0  0  0  0  0  0  0  0  0  0  0  0  0  0  0  0  0  1  0  0  0  0  0  0  1  176254255255255255255255255255255255255255255255255255255255255255255255255255255255
25525525525525525525525525525525525525525590 1  0  0  0  0  0  0  0  0  0  0  0  0  0  0  0  0  0  0  0  0  0  0  0  0  0  0  0  0  0  0  0  0  0  0  0  0  0  0  0  0  0  0  0  0  0  0  0  0  0  0  0  0  0  0  0  0  125255255254255255255255255255255255255255255255255255255255255255255255255255255255
2552552552552552552552552552542552552552551180  0  0  0  0  0  0  0  0  0  0  0  0  0  0  0  0  0  0  0  0  0  0  0  0  0  0  0  0  0  0  0  0  0  0  0  0  0  0  0  0  0  0  0  0  0  0  0  0  0  0  0  0  0  0  0  0  94 255254255255255255255255255255255255255255255255255255255255255255255255255255255
2552552552552552552552552542552552552552551530  0  0  0  0  0  0  0  0  0  0  0  0  0  0  0  0  0  0  0  0  0  0  0  0  0  0  0  0  0  0  0  0  0  0  0  0  0  0  0  0  0  0  0  0  0  0  0  0  0  0  0  0  0  0  0  0  14 238255255254255255255255255255255255255255255255255255255255255255255255255255255
2552552552552552552552552552542542552552552000  0  0  0  0  0  0  0  0  0  0  0  0  0  0  0  0  0  0  0  0  0  0  0  0  0  0  0  0  0  0  0  0  0  0  0  0  0  0  0  0  0  0  0  0  0  0  0  0  0  0  0  0  0  0  0  0  1  122254255255255255255255255255255255255255255255255255255255255255255255255255255
2552552552552552552552552552552552542552552423  0  0  0  0  0  0  0  0  0  0  0  0  0  0  0  0  0  0  0  0  0  0  0  0  0  0  0  0  0  0  0  0  0  0  0  0  0  0  0  0  0  0  0  0  0  0  0  0  0  0  0  0  0  0  0  0  0  6  246254255255255255255255255255255255255255255255255255255255255255255255255255
25525525525525525525525525525525425425525325551 0  0  0  0  0  0  0  0  0  0  0  0  0  0  0  0  0  0  0  0  0  0  0  0  0  0  0  0  0  0  0  0  0  0  0  0  0  0  0  0  0  0  0  0  0  0  0  0  0  0  0  0  0  0  0  0  1  0  68 255255255255255255255255255255255255255255255255255255255255255255255255255
2552552552552552552552552552552552552542552551180  0  0  0  0  0  0  0  0  0  0  0  0  0  0  0  0  0  0  0  0  0  0  0  0  0  0  0  0  0  0  0  0  0  0  0  0  0  0  0  0  0  0  0  0  0  0  0  0  0  0  0  0  0  0  0  0  0  0  119255255255255255255255255255255255255255255255255255255255255255255255255
2552552552552552552552552552552552552552542551770  0  0  0  0  0  0  0  0  0  0  0  0  0  0  0  0  0  0  0  0  0  0  0  0  0  0  0  0  0  0  0  0  0  0  0  0  0  0  0  0  0  0  0  0  0  0  0  0  0  0  0  0  0  0  0  0  0  0  0  207255255255255255255255255255255255255255255255255255255255255255255255
2552552552552552552552552552552542552552552552360  0  0  0  0  0  0  0  0  0  0  0  0  0  0  0  0  0  0  0  0  0  0  0  0  0  0  0  0  0  0  0  0  0  0  0  0  0  0  0  0  0  0  0  0  0  0  0  0  0  0  0  0  0  0  0  0  0  0  0  16 204255255255255255255255255255255255255255255255255255255255255255255
25525525525525525525525525525525525525525425525571 0  0  0  0  0  0  0  0  0  0  0  0  0  0  0  0  0  0  0  0  0  0  0  0  0  0  0  0  0  0  0  0  0  0  0  0  0  0  0  0  0  0  0  0  0  0  0  0  0  0  0  0  0  0  0  0  1  0  1  0  0  134255255255255255255255255255255255255255255255255255255255255255
2552552552552552552552552552552552542552552542551560  0  0  1  0  0  0  0  0  0  0  0  0  0  0  0  0  0  0  0  0  0  0  0  0  0  0  0  0  0  0  0  0  0  0  0  0  0  0  0  0  0  0  0  0  0  0  0  0  0  0  0  0  0  0  0  0  0  0  0  0  2  92 254255255255255255255255255255255255255255255255255255255255
2552552552552552552552552552542552552552552552552311  0  1  0  0  0  0  0  0  0  0  0  0  0  0  0  0  0  0  0  0  0  0  0  0  0  0  0  0  0  0  0  0  0  0  0  0  0  0  0  0  0  0  0  0  0  0  0  0  0  0  0  0  0  0  0  0  0  0  1  0  0  1  47 183255254255254255255255255255255255255255255255255255255
25525525525525525525525525525525525525525425525525571 1  1  0  0  0  0  0  0  0  0  0  0  0  0  0  0  0  0  0  0  0  0  0  0  0  0  0  0  0  0  0  0  0  0  0  0  0  0  0  0  0  0  0  0  0  0  0  0  0  0  0  0  0  0  0  1  0  0  0  0  0  0  0  1  89 255255255255254255255255255255255255255255255255255
2552552552552552552552552542552552552552552552542551380  0  0  0  0  0  0  0  0  0  0  0  0  0  0  0  0  0  0  0  0  0  0  0  0  0  0  0  0  0  0  0  0  0  0  0  0  0  0  0  0  0  0  0  0  0  0  0  0  0  0  0  0  0  1  0  0  1  0  1  0  0  0  0  36 255255255255255255255255255255255255255255255255255
2552552552552552552552552552542552552542552552552542150  0  0  0  0  0  0  0  0  0  0  0  0  0  0  0  0  0  0  0  0  0  0  0  0  0  0  0  0  0  0  0  0  0  0  0  0  0  0  0  0  0  0  0  0  0  0  0  0  0  0  0  0  0  0  0  0  0  0  0  0  0  0  0  144255254255255254255255255255255255255255255255255255
25525525525525525525525525525525425525525525525525525568 0  0  0  0  0  0  0  0  0  0  0  0  0  0  0  0  0  0  0  0  0  0  0  0  0  0  0  0  0  0  0  0  0  0  0  0  0  0  0  0  0  0  0  0  0  0  0  0  0  0  0  0  0  0  0  0  0  0  0  0  0  0  15 245255255255255255255255255255255255255255255255255255
2552552552552552552552552552552552552552552552552542552151  0  0  0  0  0  0  0  0  0  0  0  0  0  0  0  0  0  0  0  0  0  0  0  0  0  0  0  0  0  0  0  0  0  0  0  0  0  0  0  0  0  0  0  0  0  0  0  0  0  0  0  0  0  0  0  0  0  0  0  0  0  133255255255254255255255255255255255255255255255255255255
25525525525525525525525525525525525525525525525525425525552 0  0  1  0  0  0  0  0  0  0  0  0  0  0  0  0  0  0  0  0  0  0  0  0  0  0  0  0  0  0  0  0  0  0  0  0  0  0  0  0  0  0  0  0  0  0  0  0  0  0  0  0  0  1  0  1  0  0  0  0  0  241255255255255255255255255255255255255255255255255255255
2552552552552552552552552552552552552552552552552552552541980  1  0  0  0  0  0  0  0  0  0  0  0  0  0  0  0  0  0  0  0  0  0  0  0  0  0  0  0  0  0  0  0  0  0  0  0  0  0  0  0  0  0  0  0  0  0  0  0  0  0  0  0  0  2  0  0  0  0  1  102254255255255255255254255255255255255255255255255255255255
25525525525525525525525525525525525525525525525525525425525489 0  0  0  0  0  0  0  0  0  0  0  0  0  0  0  0  0  0  0  0  0  0  0  0  0  0  0  0  0  0  0  0  0  0  0  0  0  0  0  0  0  0  0  0  0  0  0  0  0  0  0  0  1  0  1  0  1  0  17 248255255255255255255255255255255255255255255255255255255255
2552552552552552552552552552552552552552552552552552552552552240  0  0  0  0  0  0  0  0  0  0  0  0  0  0  0  0  0  0  0  0  0  0  0  0  0  0  0  0  0  0  0  0  0  0  0  0  0  0  0  0  0  0  0  0  0  0  0  0  0  0  0  0  0  0  0  0  0  111254255255255254255254255255255255255255255255255255255255255
25525525525525525525525525525525525525525525525525525525525525555 0  0  0  0  0  0  0  0  0  0  0  0  0  0  0  0  0  0  0  0  0  0  0  0  0  0  0  0  0  0  0  0  0  0  0  0  0  0  0  0  0  0  0  0  0  0  0  0  0  0  0  0  0  0  0  1  0  217255253255255255255255254255255255255255255255255255255255255
2552552552552552552552552552552552552552552552552552552552552542342  0  0  0  0  0  0  0  0  0  0  0  0  0  0  0  0  0  0  0  0  0  0  0  0  0  0  0  0  0  0  0  0  0  0  0  0  0  0  0  0  0  0  0  0  0  0  0  0  0  0  0  1  1  0  1  132255255255254255255254255254255255255255255255255255255255255255
2552552552552552552552552552552552552552552552552552552552552552551500  0  0  0  0  0  0  0  0  0  0  0  0  0  0  0  0  0  0  0  0  0  0  0  0  0  0  0  0  0  0  0  0  0  0  0  0  0  0  0  0  0  0  0  0  0  0  0  0  0  0  0  0  1  42 255255255255255255255255255255255255255255255255255255255255255255
25525525525525525525525525525525525525525525525525525525525525425525555 0  0  0  0  0  0  0  0  0  0  0  0  0  0  0  0  0  0  0  1  0  0  0  0  0  0  0  0  0  0  0  0  0  0  0  0  0  0  0  0  0  0  0  1  0  0  0  0  0  0  0  0  0  219255255255255255255255255255255255255255255255255255255255255255255
25525525525525525525525525525525525525525525525525525425525525525525523513 0  0  0  0  0  1  0  0  0  0  0  0  0  0  0  0  1  0  0  0  0  0  0  0  0  0  0  0  1  0  0  0  0  0  0  0  0  0  0  0  1  0  0  0  0  0  0  0  0  0  0  140255255255255255255255255255255255255255255255255255255255255255255255
2552552552552552552552552552552552552552552552552552552552552552552552551621  0  0  0  0  0  0  0  0  0  0  0  0  0  0  0  0  0  1  0  0  0  0  0  0  1  0  0  0  0  0  0  0  0  0  0  0  0  0  0  0  2  0  0  0  0  0  0  1  1  35 255254255255255255255255255255255255255255255255255255255255255255255255
25525525525525525525525525525525525525525525525525525525525525525525525525576 0  0  0  0  0  0  0  0  0  0  0  0  0  0  1  0  0  0  0  1  0  0  0  0  0  0  0  0  0  0  0  0  0  0  0  0  0  0  1  0  0  0  0  0  0  0  1  0  0  222255255255255255255255255255255255255255255255255255255255255255255255255
25525525525525525525525525525525525525525525525525525525525525525525525425525442 0  0  0  0  0  0  0  0  0  0  0  0  0  0  0  0  0  0  0  0  0  0  0  0  0  0  0  0  0  0  0  0  0  0  0  0  0  0  0  0  0  0  1  0  0  0  0  173254255255255254255255255255255255255255255255255255255255255255255255255255
25525525525525525525525525525525525525525525525525525425525525525425525525525524839 0  0  0  0  0  0  0  0  0  0  0  0  0  0  0  1  0  0  1  0  1  0  0  0  0  0  0  0  0  0  0  0  0  0  0  0  0  0  0  0  1  0  0  0  1  159254255255254255255255255255255255255255255255255255255255255255255255255255255
2552552552552552552552552552552552552552552552552552552552552552552552552552552542300  0  0  0  0  0  0  0  0  0  0  0  0  0  0  0  0  1  0  1  0  1  0  0  1  0  0  0  0  0  0  0  0  0  0  0  0  0  0  0  0  0  0  0  95 254255255255255255254255255255255255255255255255255255255255255255255255255255255
2552552552552552552552552552552552552552552552552552542552552552552552552552552552551754  0  0  0  0  0  0  0  0  0  0  0  0  0  0  0  0  1  24 65 85 91 77 44 9  0  0  0  0  0  0  0  0  0  0  0  0  0  0  0  0  0  70 255255255255255255255255255255255255255255255255255255255255255255255255255255255255
25525525525525525525525525525525525525525525525525525525525525525525525525525525525525522260 0  0  0  0  0  0  0  0  0  0  0  0  26 10619222625025525525425525523620814950 1  0  0  1  0  0  0  0  0  1  0  1  0  148254255255255255255255255255255255255255255255255255255255255255255255255255255255255255
2552552552552552552552552552552552552552552552552552552552552552552552552552542552542552552551040  0  1  0  0  1  0  0  0  56 16324825525525425525525525525425525525525425518785 1  0  0  0  0  0  0  0  0  44 207254255255255255255255255255255255255255255255255255255255255255255255255255255255255255255
25525525525525525525525525525525525525525525525525525525525525525525525525525525525525525425525519396 30 14 13 12 41 10419025525525425525525525525525425525525425525425525525525521113372 27 13 13 37 92 167255255255254255255255255255255255255255255255255255255255255255255255255255255255255255255255255
255255255255255255255255255255255255255255255255255255255255255255255255255255255255254255255255254255255255255255255255255255254255254255254255255255255254255254255254255254255255255255255255255255255255255255255255255255255255255255255255255255255255255255255255255255255255255255255255255255255255
255255255255255255255255255255255255255255255255255255255255255255255255255255254255255255254255255255255255255255255255255255255255254255255254255255255254255254254255255255255255255255255255255255255255255255255255255255255255255255255255255255255255255255255255255255255255255255255255255255255255
255255255255255255255255255255255255255255255255255255255255255255255255255255255254255255255255255255255255255255255255254255255255255255254255255255254255254255255254255255255255255254255255255255254255255255255255255255255255255255255255255255255255255255255255255255255255255255255255255255255255
255255255255255255255255255255255255255255255255255255255255255255255255255255254255255255255255255255255255255255255255255255255255255255255255254255254255255255255255255255255255255255254255255255255255255255255255255255255255255255255255255255255255255255255255255255255255255255255255255255255255
255255255255255255255255255255255255255255255255255255255255255255255255255255255255255255255255255255255255255255255255255255255254255255255255255254255254254255255255255255255255255255255254255255255254255255255254255255255255255255255255255255255255255255255255255255255255255255255255255255255255
255255255255255255255255255255255255255255255255255255255255255255255255255255255255255255255255255255255255255255255255255255255255255255255255255255255255255255255255255255255255255255255255255255255255255255255255255255255255255255255255255255255255255255255255255255255255255255255255255255255255
255255255255255255255255255255255255255255255255255255255255255255255255255255255255255255255255255255255255255255255255255255255255255255255255255255255255255255255255255255255255255255255255255255255255255255255255255255255255255255255255255255255255255255255255255255255255255255255255255255255255
255255255255255255255255255255255255255255255255255255255255255255255255255255255255255255255255255255255255255255255255255255255255255255255255255255255255255255255255255255255255255255255255255255255255255255255255255255255255255255255255255255255255255255255255255255255255255255255255255255255255
255255255255255255255255255255255255255255255255255255255255255255255255255255255255255255255255255255255255255255255255255255255255255255255255255255255255255255255255255255255255255255255255255255255255255255255255255255255255255255255255255255255255255255255255255255255255255255255255255255255255
